     0/299     4.61G   0.06995    0.6253         0    0.6953         1       416   0.03207   0.05532  0.006448  0.001115    0.1037    0.1801         0
     1/299     5.07G   0.07439   0.09655         0    0.1709         7       416   0.02632     0.134  0.007496  0.001578    0.1033   0.04818         0
     2/299     5.07G   0.07273   0.02654         0   0.09927         2       416   0.03892   0.09574   0.01024  0.001562    0.1022   0.01945         0
     3/299     5.07G   0.07118   0.01265         0   0.08383        21       416   0.05029    0.2191   0.02443   0.00399   0.09809   0.01541         0
     4/299     5.07G   0.06479  0.009169         0   0.07396         4       416    0.2168    0.4532    0.2283   0.06047   0.08988   0.01379         0
     5/299     5.07G   0.05988  0.007293         0   0.06717         2       416    0.5128    0.5574    0.4703     0.144    0.0801   0.01272         0
     6/299     5.07G   0.05508  0.006754         0   0.06184         2       416    0.6852    0.6723     0.641    0.2449   0.07587   0.01184         0
     7/299     5.07G   0.04978  0.005801         0   0.05558         1       416    0.8249    0.6936    0.7601    0.3252   0.07061   0.01228         0
     8/299     5.07G   0.04559  0.005473         0   0.05106         2       416    0.8153     0.817    0.8186    0.3588   0.06316   0.01188         0
     9/299     5.07G   0.04184  0.005534         0   0.04737         1       416      0.79     0.834    0.7995     0.362   0.06066   0.01225         0
    10/299     5.07G   0.03926  0.005486         0   0.04475         8       416    0.8511    0.8277    0.8265    0.3814    0.0598   0.01256         0
    11/299     5.07G   0.03721  0.005235         0   0.04245         1       416    0.8876    0.8085     0.852    0.4387   0.05732    0.0125         0
    12/299     5.07G    0.0363  0.005337         0   0.04164         0       416    0.8705    0.8723     0.891    0.4555    0.0563   0.01216         0
    13/299     5.07G   0.03435  0.005436         0   0.03979         1       416    0.8169    0.8164    0.8311     0.444    0.0551   0.01256         0
    14/299     5.07G   0.03303  0.005149         0   0.03818         1       416    0.8691    0.8333    0.8669     0.443   0.05392   0.01201         0
    15/299     5.07G   0.03352  0.005205         0   0.03873         4       416    0.8234     0.834    0.8531    0.4368   0.05327   0.01283         0
    16/299     5.07G   0.03222  0.004946         0   0.03717         1       416    0.8834    0.8379    0.8874    0.4674   0.04955   0.01247         0
    17/299     5.07G   0.03246  0.004877         0   0.03733         2       416    0.8053    0.8191    0.8392    0.4077   0.05258   0.01305         0
    18/299     5.07G   0.03434  0.005393         0   0.03973         8       416    0.8402    0.7511    0.8174    0.3768   0.05207   0.01275         0
    19/299     5.07G   0.03345  0.005041         0    0.0385         2       416     0.872    0.8277    0.8721    0.4602   0.05023   0.01258         0
    20/299     5.07G   0.03319   0.00539         0   0.03858         5       416    0.8197    0.8128    0.8201    0.4389   0.05049   0.01275         0
    21/299     5.07G   0.03171  0.005051         0   0.03676         0       416     0.839    0.7894    0.8377    0.4315   0.05461   0.01306         0
    22/299     5.07G     0.032  0.005338         0   0.03734         2       416    0.9011    0.7957    0.8713    0.4891   0.05005    0.0129         0
    23/299     5.07G   0.03067  0.005048         0   0.03572         1       416    0.8545    0.8121    0.8388    0.4542    0.0523   0.01278         0
    24/299     5.07G   0.03178  0.005326         0    0.0371         4       416    0.8391    0.8128    0.8391    0.4182   0.05187   0.01309         0
    25/299     5.07G   0.03147  0.005474         0   0.03695        13       416    0.8599    0.8234    0.8692    0.4426   0.05182   0.01304         0
    26/299     5.07G   0.03084  0.005219         0   0.03606         1       416    0.8896    0.8255    0.8824     0.483   0.04785   0.01349         0
    27/299     5.07G   0.02977  0.005242         0   0.03501         4       416    0.8823    0.8298    0.8826    0.4843   0.04809   0.01289         0
    28/299     5.07G   0.03085  0.005092         0   0.03594         6       416    0.8845    0.8191    0.8745    0.5032   0.04939   0.01289         0
    29/299     5.07G   0.02892   0.00503         0   0.03395         4       416    0.8859    0.8424    0.8906    0.5163   0.04486   0.01309         0
    30/299     5.07G   0.02773  0.005191         0   0.03292         3       416    0.8757    0.8404    0.8706    0.4942   0.04493   0.01352         0
    31/299     5.07G   0.02844  0.004708         0   0.03315         2       416    0.8763    0.8594    0.8964    0.5321   0.04596   0.01299         0
    32/299     5.07G   0.02782  0.005082         0    0.0329         1       416    0.8785     0.817    0.8749    0.5061   0.04615   0.01321         0
    33/299     5.07G   0.02835  0.004954         0   0.03331         4       416    0.8781    0.8276    0.8681    0.4696   0.04894   0.01302         0
    34/299     5.07G   0.02883  0.005012         0   0.03385        19       416    0.8894    0.8381    0.8937    0.5009   0.04917   0.01329         0
    35/299     5.07G   0.02666  0.004724         0   0.03138         3       416    0.8646    0.8148    0.8696    0.4936   0.04769   0.01315         0
    36/299     5.07G   0.02684  0.004847         0   0.03169         1       416    0.8711    0.8638    0.8888    0.5155   0.04587   0.01391         0
    37/299     5.07G    0.0265  0.005033         0   0.03154        15       416    0.8982    0.8447    0.8907    0.5219   0.04655    0.0136         0
    38/299     5.07G   0.02775  0.004993         0   0.03275         5       416    0.9013    0.8362    0.8806    0.5174   0.04522   0.01342         0
    39/299     5.07G   0.02595  0.004584         0   0.03054         5       416    0.8961     0.866    0.9023    0.4966   0.04405   0.01331         0
    40/299     5.07G    0.0259  0.004767         0   0.03066         2       416    0.8821    0.8298    0.8831    0.5159    0.0445   0.01367         0
    41/299     5.07G   0.02579  0.004805         0    0.0306         1       416    0.9087    0.8298    0.9083    0.5299   0.04612   0.01312         0
    42/299     5.07G   0.02629  0.004701         0   0.03099         4       416    0.8818    0.8255    0.8765     0.508   0.04497   0.01357         0
    43/299     5.07G   0.02606  0.004952         0   0.03101         1       416    0.9289    0.8062    0.9049    0.5221   0.04573   0.01342         0
    44/299     5.07G   0.02543  0.004995         0   0.03043         6       416    0.8747    0.8468    0.8992     0.509   0.04561   0.01387         0
    45/299     5.07G    0.0266  0.005059         0   0.03166         5       416    0.8941    0.8106    0.8821    0.5061   0.04482   0.01457         0
    46/299     5.07G   0.02561   0.00509         0    0.0307         3       416    0.8625    0.8681    0.8937     0.523   0.04213   0.01432         0
    47/299     5.07G   0.02484  0.004679         0   0.02952         3       416    0.8951     0.817    0.8843    0.5102   0.04235   0.01432         0
    48/299     5.07G   0.02517   0.00495         0   0.03012         7       416    0.8904       0.8    0.8739    0.5067   0.04276   0.01484         0
    49/299     5.07G   0.02521  0.004597         0   0.02981         5       416    0.8716    0.8681    0.9103    0.5269   0.04383   0.01434         0
    50/299     5.07G   0.02485  0.004453         0    0.0293         5       416    0.8412     0.868    0.8959    0.5237   0.04325   0.01419         0
    51/299     5.07G    0.0241  0.005002         0    0.0291         1       416    0.8659    0.8382    0.8896    0.5184   0.04402   0.01464         0
    52/299     5.07G   0.02408   0.00457         0   0.02865         1       416    0.8674    0.8766    0.9078    0.5212   0.04343   0.01455         0
    53/299     5.07G    0.0247  0.004798         0    0.0295         2       416    0.8849    0.8532     0.898    0.5374   0.04282   0.01446         0
    54/299     5.07G   0.02443  0.004505         0   0.02893         1       416    0.8896    0.8574    0.9175    0.5312    0.0427   0.01449         0
    55/299     5.07G   0.02339   0.00457         0   0.02796         4       416    0.9092    0.8313     0.896    0.5134    0.0429   0.01465         0
    56/299     5.07G   0.02419  0.004552         0   0.02874         2       416    0.8827    0.8486    0.8971    0.5269   0.04332   0.01463         0
    57/299     5.07G   0.02361  0.004044         0   0.02766         3       416    0.9102    0.8213    0.8938    0.5325   0.04359   0.01475         0
    58/299     5.07G   0.02351  0.004957         0   0.02847        24       416    0.8954    0.8574    0.9045    0.5422   0.04159   0.01457         0
    59/299     5.07G   0.02383   0.00434         0   0.02817         4       416    0.8611    0.8574    0.8849     0.525   0.04218   0.01534         0
    60/299     5.07G   0.02397  0.004321         0   0.02829         4       416    0.8989    0.8532    0.8987     0.518   0.04331   0.01557         0
    61/299     5.07G    0.0236   0.00429         0   0.02789         1       416    0.8544    0.8488    0.8702    0.5076   0.04292   0.01501         0
    62/299     5.07G   0.02268  0.004357         0   0.02704         3       416    0.8677    0.8511    0.8944    0.5286   0.04286   0.01455         0
    63/299     5.07G   0.02299  0.004397         0   0.02739         1       416    0.8434    0.8595    0.8809    0.5121   0.04234   0.01517         0
    64/299     5.07G   0.02299  0.004219         0   0.02721         1       416    0.8593    0.8319    0.8731    0.5196   0.04335   0.01542         0
    65/299     5.07G   0.02402  0.004575         0   0.02859         2       416    0.9198    0.8319    0.9019    0.5327   0.04191    0.0154         0
    66/299     5.07G   0.02344   0.00461         0   0.02805        10       416    0.8772    0.8509    0.8939    0.5113   0.04265   0.01506         0
    67/299     5.07G   0.02327  0.004724         0     0.028         5       416    0.8773    0.8383    0.8752    0.5001   0.04387   0.01522         0
    68/299     5.07G   0.02224  0.004398         0   0.02664         1       416    0.9041    0.8019     0.877    0.5134   0.04336   0.01465         0
    69/299     5.07G   0.02243  0.004539         0   0.02697        10       416    0.8715    0.8532     0.888    0.5217   0.04321   0.01492         0
    70/299     5.07G   0.02205  0.004058         0   0.02611         2       416    0.8578    0.8745     0.894    0.5314   0.04302   0.01515         0
    71/299     5.07G   0.02181  0.004324         0   0.02613         2       416    0.8743    0.8447    0.8894    0.5452   0.04177   0.01547         0
    72/299     5.07G   0.02226  0.004356         0   0.02661         3       416     0.863    0.8596    0.9005    0.5458   0.04261   0.01566         0
    73/299     5.07G   0.02234  0.004284         0   0.02663         4       416    0.8613    0.8721    0.9087     0.529   0.04234   0.01553         0
    74/299     5.07G   0.02197  0.004332         0    0.0263         9       416    0.8858    0.8743     0.922    0.5414   0.04196   0.01527         0
    75/299     5.07G   0.02172  0.004219         0   0.02593         8       416    0.8932    0.8553    0.9128    0.5357   0.04262   0.01563         0
    76/299     5.07G   0.02251  0.004156         0   0.02667         2       416    0.8731    0.8637    0.9008    0.5321    0.0426   0.01563         0
    77/299     5.07G   0.02136  0.004083         0   0.02544         1       416    0.9354    0.8317     0.912    0.5422   0.04182   0.01529         0
    78/299     5.07G   0.02172  0.004258         0   0.02598         3       416    0.8852    0.8531    0.8958    0.5247   0.04325   0.01551         0
    79/299     5.07G   0.02163  0.004314         0   0.02594         2       416    0.8703    0.8425    0.8787     0.539   0.04324   0.01503         0
    80/299     5.07G   0.02158  0.004284         0   0.02586         4       416    0.9065    0.8254     0.907    0.5363   0.04269   0.01509         0
    81/299     5.07G   0.02259  0.004412         0   0.02701         7       416    0.8872    0.8701    0.9118    0.5407   0.04257   0.01544         0
    82/299     5.07G   0.02181  0.004293         0    0.0261         7       416    0.8995    0.8189    0.8831    0.5212   0.04276   0.01572         0
    83/299     5.07G   0.02162  0.004396         0   0.02601         5       416    0.9092    0.8319     0.898    0.5336   0.03965   0.01618         0
    84/299     5.07G    0.0215  0.004372         0   0.02587         7       416    0.8603    0.8255    0.8742    0.4806   0.04076   0.01612         0
    85/299     5.07G   0.02087  0.003885         0   0.02475         5       416    0.8577    0.8337    0.8836    0.5267   0.04043   0.01597         0
    86/299     5.07G   0.02131  0.004357         0   0.02567         3       416    0.8596    0.8595    0.8975    0.5264   0.03989   0.01629         0
    87/299     5.07G   0.01966  0.003742         0    0.0234         1       416    0.8472    0.8617    0.8958    0.5359   0.04014   0.01617         0
    88/299     5.07G   0.02056  0.004067         0   0.02462         6       416    0.8531    0.8532    0.8963    0.5278   0.04098   0.01614         0
    89/299     5.07G   0.02087  0.004286         0   0.02516         1       416    0.8467    0.8702    0.8975    0.5376   0.04056   0.01568         0
    90/299     5.07G   0.01978  0.003839         0   0.02362         1       416    0.8863    0.8468    0.9016     0.543    0.0409    0.0161         0
    91/299     5.07G   0.02063  0.004009         0   0.02464         1       416    0.8809    0.8339    0.8928    0.5495   0.04096   0.01628         0
    92/299     5.07G   0.02075  0.004043         0    0.0248         2       416    0.8857    0.8574    0.9063    0.5399    0.0411   0.01594         0
    93/299     5.07G   0.02034  0.004188         0   0.02453        11       416     0.911    0.8489    0.9149    0.5507   0.04101   0.01565         0
    94/299     5.07G    0.0202  0.004094         0   0.02429         2       416    0.8782    0.8591      0.91    0.5477   0.03962   0.01582         0
    95/299     5.07G   0.01985  0.003987         0   0.02384         4       416    0.8682    0.8552    0.8872    0.5417   0.04027   0.01636         0
    96/299     5.07G   0.02065  0.004192         0   0.02485        17       416    0.8836    0.8404    0.8878    0.5469   0.03977   0.01612         0
    97/299     5.07G   0.02063   0.00429         0   0.02492         1       416    0.8883     0.863    0.9089    0.5539   0.03956   0.01576         0
    98/299     5.07G   0.02018  0.003951         0   0.02413         0       416    0.8823    0.8614    0.9053    0.5408    0.0399   0.01668         0
    99/299     5.07G   0.01988  0.004272         0   0.02415         1       416    0.9016    0.8596    0.9188    0.5655   0.04006   0.01597         0
   100/299     5.07G   0.02041   0.00438         0   0.02479         1       416    0.8626    0.8681    0.9013    0.5393   0.04091   0.01605         0
   101/299     5.07G   0.01959  0.003915         0    0.0235         2       416    0.9036    0.8574    0.9056    0.5524   0.04046   0.01627         0
   102/299     5.07G   0.01954  0.004043         0   0.02358         5       416    0.8921    0.8468    0.9025    0.5527   0.03986    0.0165         0
   103/299     5.07G   0.01989  0.004261         0   0.02416         5       416    0.9075    0.8426    0.9023    0.5531   0.04057   0.01624         0
   104/299     5.07G   0.01933  0.003833         0   0.02317         1       416    0.8994    0.8383    0.8893    0.5293   0.04114   0.01643         0
   105/299     5.07G   0.01948   0.00411         0   0.02359         9       416    0.8801    0.8447    0.8803    0.5033   0.04206   0.01653         0
   106/299     5.07G   0.01913  0.003763         0   0.02289         2       416    0.8827    0.8489    0.8947    0.5427   0.04103   0.01684         0
   107/299     5.07G   0.01951  0.003799         0   0.02331         0       416      0.88    0.8424    0.8812    0.5358   0.04118   0.01724         0
   108/299     5.07G   0.01924  0.003895         0   0.02313         2       416    0.8721    0.8701    0.9097    0.5586   0.03976   0.01663         0
   109/299     5.07G   0.01917  0.003765         0   0.02294         0       416    0.8728    0.8616    0.9009    0.5321   0.04147    0.0169         0
   110/299     5.07G   0.01938  0.004139         0   0.02352        10       416    0.8874    0.8404    0.8844    0.5416   0.04133   0.01735         0
   111/299     5.07G   0.01925  0.003608         0   0.02286         5       416    0.8769    0.8637    0.8971    0.5235   0.04079   0.01675         0
   112/299     5.07G   0.01939  0.003853         0   0.02324         4       416    0.8951    0.8362    0.8929    0.5369   0.04186   0.01658         0
   113/299     5.07G   0.01916  0.003978         0   0.02314         1       416    0.8914    0.8383    0.8982      0.55   0.04064   0.01677         0
   114/299     5.07G   0.01848  0.003862         0   0.02234         3       416    0.8962    0.8277    0.8944    0.5585   0.04062   0.01657         0
   115/299     5.07G   0.01865  0.004002         0   0.02265         6       416    0.8672    0.8338    0.8893    0.5418   0.04155   0.01676         0
   116/299     5.07G   0.01884  0.003959         0    0.0228         1       416    0.8426     0.866    0.8831    0.5333   0.04098   0.01709         0
   117/299     5.07G   0.01871   0.00398         0   0.02269         8       416    0.8484    0.8573    0.8855    0.5511   0.04047   0.01665         0
   118/299     5.07G   0.01832  0.003909         0   0.02223        10       416    0.8532    0.8426    0.8774     0.555   0.04055   0.01698         0
   119/299     5.08G   0.01817  0.003749         0   0.02192         5       416    0.8872    0.8532    0.8961      0.55    0.0404   0.01654         0
   120/299     5.08G   0.01843  0.003926         0   0.02236         1       416     0.858    0.8362    0.8652    0.5432   0.04103   0.01729         0
   121/299     5.08G   0.01794  0.003525         0   0.02147         0       416    0.8764    0.8446    0.8942      0.55    0.0414   0.01712         0
   122/299     5.08G   0.01903  0.003974         0   0.02301        10       416    0.8762    0.8468    0.8698    0.5399   0.04122   0.01746         0
   123/299     5.08G   0.01795  0.003655         0   0.02161         5       416    0.9038    0.8595    0.8984    0.5617   0.04033     0.017         0
   124/299     5.08G   0.01823  0.003253         0   0.02148         4       416    0.8659     0.866    0.8951    0.5623   0.04006   0.01713         0
   125/299     5.08G   0.01779  0.003795         0   0.02159         3       416    0.8556    0.8574    0.8639    0.5404   0.04028    0.0175         0
   126/299     5.08G    0.0187  0.003934         0   0.02264         2       416    0.9124    0.8425    0.8961    0.5516   0.03937   0.01769         0
   127/299     5.08G   0.01778  0.003659         0   0.02144         2       416    0.8734     0.866    0.8873    0.5551   0.03954   0.01735         0
   128/299     5.08G   0.01898   0.00407         0   0.02305         7       416    0.8731     0.866    0.8964    0.5455   0.04076   0.01714         0
   129/299     5.08G   0.01788  0.003827         0   0.02171         1       416    0.8962    0.8277    0.8849    0.5385   0.04157   0.01749         0
   130/299     5.08G   0.01812  0.003871         0   0.02199         0       416    0.8933    0.8552     0.899    0.5554   0.03999   0.01761         0
   131/299     5.08G   0.01769  0.003861         0   0.02155         1       416    0.8762    0.8745    0.8927    0.5501   0.04024   0.01753         0
   132/299     5.08G   0.01754  0.003692         0   0.02123         4       416    0.8484    0.8808    0.8927    0.5486   0.03983   0.01711         0
   133/299     5.08G   0.01743  0.003667         0    0.0211         4       416    0.9097    0.8145    0.8942    0.5611   0.03961   0.01714         0
   134/299     5.08G   0.01818  0.003756         0   0.02194        16       416    0.8736     0.853    0.8936    0.5596   0.03979   0.01797         0
   135/299     5.08G   0.01724  0.003586         0   0.02083         7       416    0.8667    0.8574    0.8976    0.5521   0.03953   0.01764         0
   136/299     5.08G   0.01753  0.003605         0   0.02113         5       416    0.9062    0.8638    0.9163    0.5665   0.03944   0.01796         0
   137/299     5.08G   0.01776   0.00355         0   0.02131         3       416    0.8779    0.8596    0.9003    0.5556    0.0396   0.01842         0
   138/299     5.08G   0.01658  0.003452         0   0.02003         0       416    0.8362    0.8702    0.8853    0.5393   0.04008   0.01812         0
   139/299     5.08G   0.01761  0.003753         0   0.02136         6       416    0.8519    0.8447    0.8746    0.5222   0.04032    0.0184         0
   140/299     5.08G    0.0173   0.00357         0   0.02087         2       416    0.8479    0.8658    0.8719    0.5162   0.04052    0.0183         0
   141/299     5.08G   0.01785  0.003639         0   0.02149         1       416    0.8504     0.883    0.8895    0.5518   0.03951   0.01781         0
   142/299     5.08G   0.01723  0.003537         0   0.02077         4       416     0.852    0.8702    0.8907      0.56   0.03985   0.01817         0
   143/299     5.08G    0.0172  0.003736         0   0.02093         1       416    0.8387    0.8638    0.8867    0.5539   0.03936   0.01818         0
   144/299     5.08G   0.01713  0.003689         0   0.02082         6       416    0.8979    0.8617    0.9091    0.5571   0.03919   0.01802         0
   145/299     5.08G   0.01706  0.003397         0   0.02046         9       416    0.8816    0.8552    0.8905    0.5515   0.03969   0.01807         0
   146/299     5.08G    0.0171   0.00368         0   0.02078         4       416     0.893    0.8702    0.9103    0.5734   0.03919   0.01788         0
   147/299     5.08G   0.01754  0.004969         0   0.02251        18       416    0.8859    0.8766    0.9152    0.5802   0.03911   0.01779         0
   148/299     5.08G   0.01743  0.003921         0   0.02135         5       416    0.8921    0.8616    0.9119    0.5631   0.03984   0.01778         0
   149/299     5.08G   0.01687  0.003719         0   0.02059         6       416    0.8906     0.866    0.9042    0.5518   0.03961   0.01809         0
   150/299     5.08G   0.01646  0.003462         0   0.01992         7       416    0.8798    0.8723    0.9001    0.5574    0.0399   0.01845         0
   151/299     5.08G   0.01689  0.003694         0   0.02058         2       416    0.8454    0.8723    0.8881    0.5506   0.04061   0.01845         0
   152/299     5.08G   0.01737  0.003608         0   0.02098         4       416    0.8443    0.8787    0.8961    0.5631   0.04024   0.01799         0
   153/299     5.08G   0.01662  0.003428         0   0.02004         1       416    0.8552    0.8681    0.8885    0.5521   0.04052   0.01818         0
   154/299     5.08G   0.01718  0.003613         0   0.02079         6       416    0.8918    0.8426    0.9054    0.5475   0.04081   0.01819         0
   155/299     5.08G   0.01662  0.003568         0   0.02019         3       416    0.8932    0.8361    0.9012    0.5505   0.04092   0.01827         0
   156/299     5.08G   0.01698  0.003968         0   0.02094        11       416    0.8944    0.8489    0.8963    0.5628   0.03984   0.01813         0
   157/299     5.08G   0.01607  0.003459         0   0.01953         3       416    0.8628    0.8702    0.8983    0.5607   0.04009    0.0184         0
   158/299     5.08G   0.01614  0.003474         0   0.01962         9       416    0.8556    0.8701    0.8844    0.5543   0.04086   0.01825         0
   159/299     5.08G   0.01641  0.003546         0   0.01995         4       416     0.886    0.8595    0.8956    0.5598   0.04025   0.01817         0
   160/299     5.08G   0.01606   0.00369         0   0.01975        18       416    0.8687    0.8871    0.9026     0.567   0.04032   0.01804         0
   161/299     5.08G   0.01555  0.003351         0    0.0189         1       416    0.8729    0.8915    0.9156    0.5649   0.04066   0.01792         0
   162/299     5.08G   0.01607  0.003374         0   0.01945         2       416    0.8654    0.8894    0.9049    0.5645   0.04036   0.01828         0
   163/299     5.08G   0.01545  0.003244         0   0.01869         2       416    0.8696    0.8809    0.9072    0.5632   0.03999   0.01869         0
   164/299     5.08G   0.01576  0.003359         0   0.01912         2       416    0.8771    0.8806    0.9058     0.559   0.04015   0.01862         0
   165/299     5.08G   0.01597  0.003557         0   0.01953         2       416     0.881     0.851    0.8947    0.5567   0.04061   0.01851         0
   166/299     5.08G   0.01527  0.003295         0   0.01857         1       416     0.854    0.8723    0.8886    0.5624   0.04036   0.01816         0
   167/299     5.08G   0.01548  0.003013         0   0.01849         1       416    0.8725    0.8447     0.883    0.5533   0.04019   0.01871         0
   168/299     5.08G   0.01551  0.003191         0    0.0187         6       416     0.872    0.8553    0.8897    0.5615   0.03983   0.01866         0
   169/299     5.08G   0.01513  0.003319         0   0.01845         0       416    0.8723    0.8745    0.8984     0.561   0.03964   0.01841         0
   170/299     5.08G    0.0155  0.003464         0   0.01896         2       416    0.8692    0.8766    0.8901    0.5552   0.03989   0.01845         0
   171/299     5.08G   0.01556  0.003284         0   0.01884         2       416     0.866    0.8532    0.8782     0.552   0.04036   0.01897         0
   172/299     5.08G    0.0165  0.003847         0   0.02035        14       416    0.8886     0.883    0.9043    0.5524   0.04002   0.01832         0
   173/299     5.08G   0.01488  0.003171         0   0.01805         3       416    0.8886     0.866     0.903    0.5606   0.03956   0.01906         0
   174/299     5.08G   0.01518  0.003394         0   0.01857         1       416    0.8637    0.8766    0.8995    0.5492   0.04017   0.01934         0
   175/299     5.08G   0.01518   0.00327         0   0.01845         1       416    0.8753    0.8511    0.8866    0.5501   0.04019   0.01896         0
   176/299     5.08G   0.01508  0.003302         0   0.01838         6       416    0.8891    0.8358    0.8876     0.539   0.04098    0.0196         0
   177/299     5.08G   0.01542  0.003352         0   0.01877         1       416    0.9083    0.8425    0.9019    0.5481      0.04   0.01917         0
   178/299     5.08G   0.01508  0.003178         0   0.01826         1       416    0.8756    0.8723    0.8983    0.5325   0.04044   0.01894         0
   179/299     5.08G   0.01574  0.003348         0   0.01909         1       416    0.8543    0.8872    0.8938      0.55   0.03941   0.01921         0
   180/299     5.08G   0.01508  0.003235         0   0.01831         7       416    0.8886    0.8658    0.8987    0.5601   0.03941   0.01969         0
   181/299     5.08G   0.01524  0.003155         0   0.01839         3       416    0.8746    0.8766    0.9011    0.5534    0.0394   0.01948         0
   182/299     5.08G   0.01472    0.0033         0   0.01802         2       416    0.8812     0.868    0.8972    0.5603   0.03996   0.01918         0
   183/299     5.08G    0.0145  0.003085         0   0.01759         5       416    0.8658     0.851    0.8848    0.5409   0.04006     0.019         0
   184/299     5.08G   0.01472  0.003343         0   0.01806         8       416    0.8953    0.8552    0.9047    0.5546   0.04001   0.01871         0
   185/299     5.08G   0.01502  0.003304         0   0.01833         2       416    0.8937    0.8426    0.8994    0.5575   0.04036   0.01898         0
   186/299     5.08G   0.01495  0.003395         0   0.01834         6       416    0.8823    0.8617    0.8968    0.5524   0.04064   0.01891         0
   187/299     5.08G   0.01484  0.003221         0   0.01806         3       416    0.8592    0.8702    0.8949    0.5608   0.04008   0.01891         0
   188/299     5.08G   0.01455  0.003303         0   0.01785         2       416    0.8512    0.8766    0.8927    0.5672   0.03979   0.01955         0
   189/299     5.08G   0.01456  0.003361         0   0.01792         1       416    0.8842    0.8787    0.9032    0.5568   0.03998   0.01936         0
   190/299     5.08G   0.01464  0.003116         0   0.01775         2       416    0.8629    0.8702    0.8891    0.5533    0.0399   0.01946         0
   191/299     5.08G   0.01435  0.003306         0   0.01766         1       416    0.8646     0.883    0.8942    0.5535    0.0396   0.01954         0
   192/299     5.08G   0.01465  0.003259         0   0.01791         8       416    0.8651    0.8872    0.8958    0.5657   0.03931   0.01913         0
   193/299     5.08G   0.01471  0.003336         0   0.01805         5       416     0.857    0.8809    0.8938    0.5543   0.03964   0.01902         0
   194/299     5.08G   0.01437  0.002967         0   0.01734         2       416    0.8805    0.8468     0.886    0.5547    0.0395     0.019         0
   195/299     5.08G   0.01397  0.003055         0   0.01702         2       416    0.8733    0.8532    0.8859    0.5491   0.04006   0.01947         0
   196/299     5.08G   0.01368  0.002899         0   0.01657         6       416    0.8571    0.8702    0.8797    0.5484   0.03955   0.01976         0
   197/299     5.08G   0.01403   0.00329         0   0.01732         2       416    0.8529    0.8636    0.8731    0.5469    0.0396   0.01952         0
   198/299     5.08G   0.01408  0.003221         0    0.0173         2       416    0.8839    0.8426    0.8816    0.5562   0.03973   0.01959         0
   199/299     5.08G   0.01418  0.003277         0   0.01746         1       416    0.8805    0.8468    0.8826    0.5558    0.0397   0.01979         0
   200/299     5.08G   0.01379  0.003116         0    0.0169         7       416    0.8589    0.8681    0.8933    0.5431   0.03995   0.01972         0
   201/299     5.08G   0.01389  0.002939         0   0.01683         7       416    0.8736    0.8532    0.8908    0.5477   0.04009   0.01955         0
   202/299     5.08G   0.01328  0.003019         0    0.0163         3       416    0.8897    0.8234    0.8743    0.5406   0.04009   0.01977         0
   203/299     5.08G   0.01354  0.003057         0    0.0166         5       416    0.8538    0.8574      0.88    0.5371   0.04033   0.01971         0
   204/299     5.08G   0.01387  0.003147         0   0.01702         4       416    0.8761    0.8447    0.8835    0.5368   0.03951   0.01961         0
   205/299     5.08G   0.01444  0.003271         0   0.01771         3       416    0.8835    0.8551     0.892    0.5414   0.03937   0.02039         0
   206/299     5.08G   0.01337   0.00295         0   0.01632         3       416    0.8784    0.8298    0.8764    0.5423    0.0394   0.02074         0
   207/299     5.08G   0.01437  0.004088         0   0.01846        20       416    0.8778    0.8403    0.8811    0.5532   0.03924   0.02057         0
   208/299     5.08G   0.01374  0.003175         0   0.01691         2       416    0.8783    0.8444    0.8868     0.549   0.03928   0.02048         0
   209/299     5.08G   0.01346  0.003273         0   0.01673         6       416    0.8868    0.8168    0.8862    0.5499   0.03933   0.02036         0
   210/299     5.08G    0.0135  0.003125         0   0.01662         4       416    0.8456    0.8745    0.8919    0.5494   0.03936    0.0204         0
   211/299     5.08G   0.01348  0.003105         0   0.01658         3       416    0.8747    0.8464    0.8981    0.5607   0.03914   0.02032         0
   212/299     5.08G   0.01335  0.002827         0   0.01617         2       416    0.9048    0.8298     0.897    0.5597   0.03895   0.02053         0
   213/299     5.08G   0.01341  0.003084         0    0.0165         4       416    0.9057    0.8383    0.9004    0.5612   0.03864   0.02035         0
   214/299     5.08G   0.01369  0.003039         0   0.01673         7       416    0.8687    0.8319     0.881    0.5414   0.03962   0.02071         0
   215/299     5.08G    0.0136  0.002925         0   0.01653         1       416    0.8621     0.851    0.8817    0.5503   0.03923   0.02068         0
   216/299     5.08G   0.01351  0.003272         0   0.01678         1       416    0.8506    0.8723     0.889    0.5449   0.03974   0.02058         0
   217/299     5.08G   0.01356  0.003222         0   0.01678         3       416    0.8605    0.8681    0.8915    0.5543   0.03906   0.02029         0
   218/299     5.08G    0.0132  0.003051         0   0.01625         3       416    0.8574     0.883    0.8993    0.5499    0.0389   0.02068         0
   219/299     5.08G   0.01383  0.003244         0   0.01707         4       416    0.8599    0.8766     0.897    0.5548   0.03865    0.0208         0
   220/299     5.08G   0.01322  0.003033         0   0.01626         6       416    0.8556     0.883    0.9033    0.5643   0.03867   0.02079         0
   221/299     5.08G   0.01318  0.003243         0   0.01642        11       416     0.838    0.8915    0.8968    0.5628   0.03852   0.02072         0
   222/299     5.08G   0.01293  0.003324         0   0.01626        12       416    0.8359       0.9    0.8967     0.554   0.03876   0.02098         0
   223/299     5.08G   0.01284  0.002911         0   0.01575         3       416    0.8835    0.8872    0.9126    0.5525   0.03912   0.02078         0
   224/299     5.08G   0.01313  0.003025         0   0.01616         7       416    0.8773    0.8681    0.9055    0.5574   0.03913   0.02052         0
   225/299     5.08G   0.01297  0.003118         0   0.01609         3       416    0.8764    0.8596    0.8923    0.5552   0.03906    0.0209         0
   226/299     5.08G   0.01316  0.002841         0     0.016         4       416    0.8753    0.8957    0.9092    0.5549   0.03849   0.02074         0
   227/299     5.08G   0.01303  0.002731         0   0.01576         3       416    0.8787    0.8787    0.9048    0.5674   0.03849   0.02086         0
   228/299     5.08G   0.01292   0.00301         0   0.01593         4       416    0.8524     0.885    0.8941    0.5617   0.03873   0.02112         0
   229/299     5.08G    0.0129  0.002946         0   0.01585         4       416    0.8498    0.9148    0.9098    0.5626   0.03869    0.0208         0
   230/299     5.08G   0.01279   0.00281         0    0.0156         2       416    0.8556    0.8702    0.8931    0.5477   0.03945   0.02126         0
   231/299     5.08G   0.01289  0.003013         0    0.0159         4       416     0.875    0.8486    0.8777    0.5441   0.03908   0.02157         0
   232/299     5.08G   0.01363  0.003013         0   0.01664         4       416    0.8671    0.8467    0.8788    0.5514   0.03909    0.0214         0
   233/299     5.08G    0.0129  0.003262         0   0.01616        21       416    0.8799    0.8574     0.891    0.5584   0.03888   0.02122         0
   234/299     5.08G   0.01333  0.003384         0   0.01672         4       416    0.8909     0.834    0.8899    0.5515   0.03906   0.02144         0
   235/299     5.08G   0.01257  0.003138         0   0.01571         2       416    0.8562    0.8745     0.894    0.5534   0.03894   0.02147         0
   236/299     5.08G     0.012   0.00287         0   0.01487         2       416    0.8455    0.8616    0.8797    0.5555   0.03866    0.0213         0
   237/299     5.08G   0.01257  0.002908         0   0.01548         1       416    0.8612    0.8447    0.8746     0.555   0.03875   0.02138         0
   238/299     5.08G    0.0123   0.00292         0   0.01522         1       416     0.873    0.8362    0.8777    0.5592   0.03875   0.02132         0
   239/299     5.08G   0.01294  0.003109         0   0.01605         4       416    0.8786    0.8489    0.8929    0.5638   0.03858   0.02125         0
   240/299     5.08G   0.01285   0.00309         0   0.01594         4       416    0.8461    0.8894    0.8977    0.5701   0.03861   0.02126         0
   241/299     5.08G    0.0118  0.002707         0   0.01451         1       416    0.8548    0.8766    0.8946    0.5659   0.03863   0.02132         0
   242/299     5.08G   0.01204  0.002753         0   0.01479         1       416    0.8781    0.8745    0.9011    0.5611   0.03879   0.02164         0
   243/299     5.08G   0.01252  0.003043         0   0.01556         5       416     0.881    0.8681    0.8997    0.5675   0.03872   0.02148         0
   244/299     5.08G   0.01281  0.003295         0    0.0161         4       416    0.8954    0.8742    0.9131    0.5766   0.03848   0.02119         0
   245/299     5.08G   0.01297  0.003651         0   0.01662        40       416    0.8683    0.8702    0.9003    0.5661   0.03854   0.02119         0
   246/299     5.08G   0.01274  0.003039         0   0.01578         3       416     0.857    0.8681    0.8909    0.5656   0.03853   0.02146         0
   247/299     5.08G   0.01205  0.002735         0   0.01479         1       416    0.8675    0.8638    0.8939    0.5657   0.03857   0.02157         0
   248/299     5.08G   0.01257  0.003058         0   0.01563         5       416    0.8742    0.8723    0.9028    0.5648   0.03833    0.0215         0
   249/299     5.08G   0.01284  0.003242         0   0.01608         5       416    0.8538    0.8894    0.9003    0.5674   0.03861   0.02164         0
   250/299     5.08G   0.01239   0.00286         0   0.01525         1       416    0.8577     0.885    0.8983    0.5643   0.03851   0.02156         0
   251/299     5.08G   0.01249  0.003024         0   0.01551         6       416    0.8893    0.8723     0.907    0.5618    0.0386   0.02139         0
   252/299     5.08G    0.0125  0.002762         0   0.01527         2       416    0.8769    0.8638    0.8964    0.5591   0.03867   0.02151         0
   253/299     5.08G   0.01237  0.002993         0   0.01536         1       416    0.8698    0.8681       0.9    0.5658   0.03843   0.02165         0
   254/299     5.08G   0.01253  0.002891         0   0.01543         6       416      0.89    0.8617    0.9032    0.5638    0.0385   0.02146         0
   255/299     5.08G   0.01243  0.002948         0   0.01538         1       416    0.8845    0.8638    0.8995    0.5654   0.03823   0.02144         0
   256/299     5.08G   0.01236  0.002941         0    0.0153         0       416    0.8643    0.8808    0.8976    0.5636   0.03871   0.02154         0
   257/299     5.08G   0.01211  0.002772         0   0.01488         2       416    0.8909    0.8532    0.8975    0.5658   0.03874   0.02155         0
   258/299     5.08G   0.01341  0.003452         0   0.01686         3       416    0.8673    0.8766    0.9044    0.5591   0.03915   0.02177         0
   259/299     5.08G   0.01262  0.002885         0   0.01551         1       416    0.9183    0.8383    0.9052    0.5569   0.03902   0.02176         0
   260/299     5.08G   0.01275   0.00299         0   0.01574         1       416    0.9202     0.834    0.9026     0.555    0.0389   0.02187         0
   261/299     5.08G   0.01229  0.002807         0   0.01509         1       416    0.8488    0.8956    0.8962    0.5584   0.03893   0.02178         0
   262/299     5.08G   0.01254  0.003148         0   0.01569         3       416     0.859     0.883    0.8958    0.5567   0.03898   0.02177         0
   263/299     5.08G   0.01233  0.002907         0   0.01524         1       416    0.8577    0.8978    0.9036    0.5579   0.03901   0.02173         0
   264/299     5.08G   0.01169  0.003048         0   0.01474         7       416    0.8461    0.8894    0.8954    0.5564   0.03867   0.02168         0
   265/299     5.08G   0.01192  0.002782         0   0.01471         4       416    0.8544    0.8872    0.8992      0.56   0.03876   0.02188         0
   266/299     5.08G   0.01209  0.002767         0   0.01486         3       416    0.8529    0.8766     0.893    0.5605   0.03853   0.02211         0
   267/299     5.08G   0.01195  0.002837         0   0.01478         0       416    0.8939    0.8425    0.8995    0.5626   0.03889    0.0222         0
   268/299     5.08G   0.01191  0.002809         0   0.01472         1       416    0.8867     0.866    0.9099    0.5592    0.0391   0.02217         0
   269/299     5.08G   0.01193  0.003131         0   0.01506         6       416     0.898    0.8617    0.9102    0.5647   0.03885   0.02184         0
   270/299     5.08G   0.01131   0.00256         0   0.01387         2       416    0.8928     0.868    0.9097    0.5678   0.03868   0.02173         0
   271/299     5.08G    0.0114  0.002676         0   0.01408         4       416    0.9032    0.8553    0.9078    0.5624   0.03891   0.02176         0
   272/299     5.08G   0.01142  0.002716         0   0.01414         1       416    0.9187    0.8426    0.9053    0.5604   0.03884   0.02178         0
   273/299     5.08G   0.01207  0.003135         0    0.0152         5       416    0.8647    0.8979    0.9097    0.5645    0.0389   0.02181         0
   274/299     5.08G   0.01209  0.003126         0   0.01522         9       416    0.8932    0.8723    0.9157    0.5657   0.03889   0.02198         0
   275/299     5.08G   0.01198  0.002743         0   0.01472         2       416    0.8978    0.8596    0.9091    0.5659   0.03911   0.02194         0
   276/299     5.08G   0.01195  0.002839         0   0.01479        12       416    0.8891    0.8701    0.9104    0.5667   0.03894   0.02186         0
   277/299     5.08G   0.01168  0.002825         0    0.0145        11       416    0.8747    0.8914    0.9116    0.5697   0.03888   0.02178         0
   278/299     5.08G    0.0121  0.002855         0   0.01496         1       416    0.8805    0.8936    0.9158    0.5714   0.03877   0.02188         0
   279/299     5.08G   0.01156  0.002613         0   0.01417         1       416    0.8779    0.8871    0.9103    0.5672   0.03887   0.02201         0
   280/299     5.08G   0.01154  0.002814         0   0.01435         5       416    0.8627    0.8956    0.9052    0.5653   0.03909     0.022         0
   281/299     5.08G   0.01215  0.002862         0   0.01501         1       416    0.8739    0.8702    0.8988     0.565   0.03937    0.0221         0
   282/299     5.08G   0.01189  0.002865         0   0.01475        11       416    0.8674    0.8766    0.8947    0.5628   0.03927   0.02196         0
   283/299     5.08G   0.01178  0.002925         0    0.0147        18       416    0.8821    0.8915    0.9158    0.5693   0.03892   0.02187         0
   284/299     5.08G   0.01131  0.002776         0   0.01408         4       416    0.8877    0.8915    0.9176    0.5688   0.03882    0.0221         0
   285/299     5.08G   0.01124  0.002673         0   0.01391         4       416    0.8819    0.8894    0.9117    0.5666   0.03884   0.02215         0
   286/299     5.08G   0.01188  0.003185         0   0.01507        19       416    0.8805    0.8936      0.91     0.565   0.03886   0.02234         0
   287/299     5.08G   0.01119  0.002553         0   0.01374         2       416    0.8849       0.9     0.914    0.5698   0.03888   0.02236         0
   288/299     5.08G   0.01219  0.002641         0   0.01483         4       416     0.877    0.8957    0.9046    0.5693   0.03908   0.02232         0
   289/299     5.08G   0.01163   0.00293         0   0.01456         6       416    0.8773    0.8978    0.9057    0.5666   0.03881   0.02231         0
   290/299     5.08G   0.01102  0.002555         0   0.01357         0       416    0.8698    0.8957    0.9043    0.5687   0.03866   0.02236         0
   291/299     5.08G   0.01172  0.002534         0   0.01426         2       416    0.8698    0.8957    0.9064    0.5674   0.03913   0.02243         0
   292/299     5.08G   0.01134  0.002794         0   0.01413         3       416    0.8604    0.8915    0.8969    0.5643   0.03902   0.02246         0
   293/299     5.08G   0.01183   0.00311         0   0.01494        18       416    0.8796    0.8702    0.9026    0.5685   0.03893   0.02227         0
   294/299     5.08G   0.01144  0.002635         0   0.01407         0       416    0.8798    0.8722    0.9015    0.5682   0.03914    0.0221         0
   295/299     5.08G   0.01175  0.002773         0   0.01452         1       416     0.863    0.8978    0.9061    0.5671   0.03918    0.0221         0
   296/299     5.08G   0.01132  0.002682         0     0.014         2       416    0.8824    0.8787    0.9084    0.5724   0.03918   0.02212         0
   297/299     5.08G   0.01165  0.002859         0   0.01451        18       416    0.8917    0.8766    0.9048    0.5641   0.03943   0.02215         0
   298/299     5.08G    0.0115  0.002689         0   0.01419         3       416    0.8819    0.8745    0.9014    0.5645   0.03924    0.0223         0
   299/299     5.08G   0.01178  0.002561         0   0.01434         2       416    0.8539    0.8957    0.8993    0.5642   0.03904   0.02238         0
